
------------------------------------------------------------------------

Parameter space details:

  Number of dimensions           :           24
  
  Parameter ranges
    Number   Minimum     Maximum    A-prior cov Scaled min  Scaled max
      1       1.0000     10.0000      9.0000      0.0000      1.0000
      2       5.0000     20.0000     15.0000      0.0000      1.0000
      3       5.0000     20.0000     15.0000      0.0000      1.0000
      4       5.0000     25.0000     20.0000      0.0000      1.0000
      5       5.0000     30.0000     25.0000      0.0000      1.0000
      6       5.0000     30.0000     25.0000      0.0000      1.0000
      7       2.8400      3.8600      1.0200      0.0000      1.0000
      8       3.2800      4.1200      0.8400      0.0000      1.0000
      9       2.8400      3.6600      0.8200      0.0000      1.0000
     10       3.5000      4.4000      0.9000      0.0000      1.0000
     11       3.8500      4.5500      0.7000      0.0000      1.0000
     12       4.0500      4.9500      0.9000      0.0000      1.0000
     13       3.0400      4.0600      1.0200      0.0000      1.0000
     14       3.3400      4.2600      0.9200      0.0000      1.0000
     15       2.8400      3.5600      0.7200      0.0000      1.0000
     16       3.5000      4.5000      1.0000      0.0000      1.0000
     17       4.0500      4.7500      0.7000      0.0000      1.0000
     18       4.0500      4.9500      0.9000      0.0000      1.0000
     19       1.6600      1.8800      0.2200      0.0000      1.0000
     20       1.6600      1.8800      0.2200      0.0000      1.0000
     21       1.6600      1.8800      0.2200      0.0000      1.0000
     22       1.6600      1.8800      0.2200      0.0000      1.0000
     23       1.6600      1.8800      0.2200      0.0000      1.0000
     24       1.7600      1.7800      0.0200      0.0000      1.0000

------------------------------------------------------------------------

